.Random.seed <-
c(403L, 11L, 880885854L, 1922309528L, -911013637L, 1986024601L, 
1333753128L, -1730915370L, -1565013935L, -1045378301L, 1911786130L, 
769955876L, -683825433L, 886414141L, 923059124L, 1494781978L, 
-966823067L, 1039388159L, 173457542L, 235752464L, 805088947L, 
-1215201967L, -188394240L, -1194934306L, -912802775L, 621992923L, 
-1959698198L, -1612730740L, -1541721649L, 1048610181L, 62201404L, 
-532516078L, -894939123L, 1309037383L, -1439127250L, 841236616L, 
321045899L, 790879593L, 1989611320L, -870616602L, -210836095L, 
1455241491L, 1071412930L, 1653272948L, 149948791L, 1400240749L, 
-670026492L, -702803926L, 1134153109L, 1001443887L, -1194123466L, 
52420448L, 440509859L, 2072612545L, -1603393872L, -25984562L, 
-495291079L, -940021429L, 550656762L, -1233986564L, -329999297L, 
-1436023531L, -1064800724L, 330658562L, 1392005085L, 2049198807L, 
1834010046L, -1067843592L, -1686455333L, -1180223943L, 1444585352L, 
457334582L, -885613199L, 1729066915L, 159137522L, 1966990916L, 
995838215L, -2127818531L, 275297748L, -2091980550L, -1240362939L, 
-604391265L, -791682522L, 547960496L, -1285104813L, -717212047L, 
420051872L, -603886786L, -1442844087L, -487151877L, -1046210870L, 
634316844L, 1979363375L, -268906267L, -41895524L, -1219804174L, 
-2044969363L, -1381258329L, -1046112818L, 1399751464L, 2015168811L, 
-695725239L, 1012152408L, 1293753606L, 1216411873L, 1202286707L, 
-56832798L, 358947924L, -1327767209L, -315588275L, -1021602588L, 
-663951158L, 1759823157L, -1430443121L, -1521880938L, -1079250880L, 
200104195L, 92157217L, -1726884336L, 1635632622L, -2065483367L, 
483227179L, 1783365402L, 803120604L, 1045056479L, -570819659L, 
1604232524L, -1968680030L, 1639029501L, 20751351L, -1138762466L, 
-258891816L, -742739653L, -181262631L, -1659315608L, -1953911914L, 
-670576879L, 789264579L, -1912977198L, -1325634204L, 1419882663L, 
540911101L, -456165388L, -574684966L, 1431163429L, -2114826433L, 
-531563322L, 539177296L, -1434984077L, -1836332143L, -1671709248L, 
-1014827106L, -512603799L, -896595557L, -1008460630L, 2108394188L, 
-1343859825L, 1529407429L, -1319605380L, 746468306L, 1545773901L, 
-71622137L, -2127633938L, -145785656L, -1612393525L, 382989865L, 
-25101192L, 1098791334L, 368679873L, 756914259L, -1544433918L, 
188078644L, -199053385L, -1157976147L, -57111356L, 2054177002L, 
2009683797L, -1476474641L, -2010448138L, 260246048L, -736649245L, 
1312380033L, 1195582192L, -1968936562L, 154584825L, -888204149L, 
403324090L, 813733820L, -2029697793L, 51284053L, 1825635180L, 
-842279998L, -593783779L, 440255639L, -428305922L, 1872687544L, 
1499479451L, 1214366713L, 919907144L, 1507370614L, 100720561L, 
1517584867L, 1883047602L, 342981380L, -2023569337L, 442523421L, 
592266644L, 67242298L, -1352870523L, -1474675105L, -1841198874L, 
1708591984L, 293432467L, 1320417585L, -542122016L, -1330355074L, 
-448944375L, 491325755L, 1802743050L, -1379498772L, 1487704431L, 
-1321019739L, 1937082460L, 51478578L, 760633133L, -1473792537L, 
1701456142L, 1416318696L, -899268373L, -964227680L, 1214839500L, 
1797470816L, 207757250L, -881642712L, -323561044L, 97807676L, 
-2143536270L, -1099399888L, 349931300L, 623625528L, 1605625562L, 
-1655505008L, 633584380L, 1489161108L, 369337410L, -1644284672L, 
1362876476L, -292356784L, -1866730334L, 2110335816L, -1742201076L, 
244088540L, 1637601106L, 2120267392L, -346269612L, 85861352L, 
162142970L, -1408793264L, -1824329940L, 1745527668L, 1047032722L, 
1937769056L, 1809430412L, -423332000L, 2110469090L, -2001687640L, 
-720257844L, 224213500L, 1291945906L, -324594192L, 922465732L, 
-233289384L, 1261985146L, 1339653552L, -180292676L, -166223788L, 
1709756354L, 98193440L, 1820283068L, -1540076976L, 670005218L, 
190439016L, -2060513716L, 815284476L, -11466766L, -790829824L, 
-2118757516L, 1585713160L, -1103031878L, 371305936L, 972092396L, 
-372069484L, 310094802L, -530512032L, -829284020L, 272003360L, 
-1400299646L, -121452824L, 1823160556L, 439752252L, 843043698L, 
-984148368L, 564569124L, -2025783496L, -1353025382L, -1459347760L, 
-1574888260L, 88935060L, -1905307006L, 1411293376L, 1269060924L, 
557627536L, -865585630L, -1386302968L, -199770868L, 699093660L, 
-379238894L, 1880312192L, 901519892L, -1738355160L, -289935046L, 
377322448L, -1061486996L, 1338463028L, -1262153070L, 1860838752L, 
1094458700L, -578661408L, -1340739678L, -904200280L, 1807173516L, 
-1509569860L, 1776145266L, 1731913968L, 1296827460L, 1860322648L, 
-1206108102L, 1714672496L, -1842564036L, -422274284L, -1056578110L, 
260398304L, -1182597252L, -2130258224L, 860334754L, 953680936L, 
112505100L, 1372560316L, 2082020658L, -1914681408L, 405116468L, 
-286153784L, -451855174L, -318488688L, -1332149780L, -1807485868L, 
563743378L, 543402784L, -1544574516L, 810963936L, -1506390334L, 
1610339880L, -1687155028L, 1804091068L, 1092583922L, 2042769712L, 
-1015371612L, -316794184L, 2038503258L, 504581520L, -616227460L, 
-348894956L, -1053063870L, 302265088L, 1253876668L, 1012265808L, 
-521396958L, 1016203592L, -1834836980L, 1065645148L, -344455982L, 
287831040L, 1617086292L, 374684136L, 7005178L, 1510163152L, 1229851948L, 
-1124514572L, -626486382L, 1987613792L, -2139760372L, 1556730592L, 
452894050L, 1570043560L, 972914252L, -12561540L, 1300332338L, 
104811120L, 2048233796L, 1795885016L, -712469382L, 583723568L, 
750352060L, -1007089836L, -1658120638L, 1226659744L, 937419964L, 
1144771024L, 1011347810L, -1645096984L, -630991924L, -1634076932L, 
-1249324046L, -27890560L, 1472833780L, 858497160L, 1839747386L, 
-607286448L, -825143188L, 487222420L, 435950930L, 349231840L, 
938286284L, -1523546976L, 1636091266L, -605457176L, 757851372L, 
-1665120196L, 1122872434L, -1900057488L, 1158730276L, 1468102200L, 
1979253274L, -1094046512L, 1255910972L, 781740180L, -1376570238L, 
1464783808L, 546974012L, -2084860272L, 268039202L, 1588461576L, 
-639695732L, 66059292L, 828084370L, -467616640L, -1037988844L, 
-1580538072L, -299790278L, -641099568L, 1997381740L, -53061964L, 
-1617249262L, -1179257888L, 1551713228L, 1981393376L, -277859317L, 
-1276012804L, 1490464554L, -51519137L, -1511606039L, 1143267326L, 
1331868652L, 631535421L, -1492751609L, -358833424L, 1065134734L, 
-19012421L, -916606819L, -627442614L, 94299752L, -1876325807L, 
-764921533L, -298233788L, -584736014L, 283609799L, 1542105233L, 
1524315670L, 126014580L, -1836953851L, 27524431L, 878239560L, 
729757414L, -1233176557L, -1642668171L, 1507086162L, 1695000480L, 
-971021687L, 61867707L, -111213300L, -537769830L, -1251381745L, 
-1985041831L, 554223342L, 81188220L, -1199057427L, -1093963113L, 
-2038100640L, -931735234L, -361487861L, 311285389L, 1492417466L, 
-1268665864L, -1241670239L, 1911878483L, -1099998604L, -1167852542L, 
-935924073L, 622811233L, 897021094L, 179594404L, 298853717L, 
-657584641L, 222717080L, 546402742L, 1234848323L, 2079027077L, 
-647451614L, -1919516912L, -1793066311L, -1506119829L, 1948208732L, 
240595850L, 862890879L, -864266551L, -810573986L, 1786430476L, 
-849894435L, -521713945L, -898554096L, -2129922514L, 1425059035L, 
-1228865091L, 1777737514L, 1774962632L, 1524366577L, 2143384163L, 
-1069803932L, 1287970194L, 124484199L, -1587998159L, 1214791542L, 
687875220L, 71178917L, 646797231L, -287234968L, -1660434362L, 
236518899L, 1032337749L, 872303410L, 1332621056L, 1928772585L, 
850347611L, -1797138260L, -1902063942L, 1527958639L, -1105606151L, 
-199594866L, -1319090852L, -2074610227L, 1672427831L, -1927044160L, 
100310174L, 2125431147L, 962558189L, 293429594L, -1347487208L, 
921962369L, 1458619699L, 1430563668L, -1136411294L, -393323017L, 
1948964417L, -1707683130L, 1580663812L, -1392667723L, -498029409L, 
-690853640L, -1836212010L, 1116506467L, -560405211L, 268100290L, 
-1620766800L, -1670056999L, 1742363979L, 1832901564L, 1836057578L, 
653681695L, 1888232105L, 1283647038L, 650779436L, -2023271043L, 
1068161991L, 2057022128L, -2128996146L, -717073925L, 2017722973L, 
1888025994L, -1777826392L, 1960987409L, 1472186883L, -1885692668L, 
1086273842L, 1196009351L, 2013664721L, 1192068950L, 788256052L, 
